feature	coefficent value	posterior variance	t-value	p-value
X33070_chrI_33070_A_T	0.0227933172449937	5.8282259589316e-06	9.44146406991961	0
X46723_chrI_46723_A_G	-0.0381485356572016	5.59438895861468e-06	16.1287809270718	0
X158971_chrI_158971_A_G	-0.00312425863847542	1.66093845473311e-06	2.42420983717982	0.0165393134599161
X361238_chrII_131020_A_G	-0.0254679066568317	3.08798224841806e-06	14.4929185641133	0
X423598_chrII_193380_A_G	0.0329462488749463	2.59835981068675e-06	20.4388440326941	0
X601364_chrII_371146_C_T	-0.0479217725454123	4.81766141811743e-06	21.8330664257156	0
X652980_chrII_422762_T_G	0.0509079381792697	4.83788416528603e-06	23.1450314465852	0
X986485_chrII_756267_T_C	0.0139392510764827	1.80199375726162e-06	10.3839550552447	0
X1218730_chrIII_175328_A_G	0.0104132603797995	1.4266231586843e-06	8.71830569833232	5.10702591327572e-15
X1553745_chrIV_193723_G_A	0.00493148537931743	1.77962172277381e-06	3.69669738885873	0.000306330873454108
X1977864_chrIV_617842_C_T	0.0169807396458842	1.91820569893547e-06	12.2605235206637	0
X2118146_chrIV_758124_A_G	0.0157346110510086	1.44016882948093e-06	13.1114072900041	0
X2412904_chrIV_1052882_T_C	-0.00864781838284157	3.0998309409184e-06	4.91176472478562	2.3485557114622e-06
X2467466_chrIV_1107444_C_T	-0.0140423969785101	2.09433965275577e-06	9.7032604502398	0
X2824228_chrIV_1464206_G_A	0.0272705619170202	2.67020817944175e-06	16.6886622675913	0
X2867628_chrIV_1507606_T_C	-0.01230724904542	3.35662875686467e-06	6.71752565081609	3.6534197889182e-10
X2926005_chrV_34050_G_A	-0.0123075766911268	3.27332383495534e-06	6.80264901877766	2.3306512275667e-10
X2948126_chrV_56171_A_G	0.0208917940180052	3.44103462587335e-06	11.2624068985801	0
X3415134_chrV_523179_A_G	0.0169080097522041	2.0401838199333e-06	11.8374413473345	0
X4177718_chrVII_438728_A_T	0.0224328505916503	1.82315772795301e-06	16.6139287072341	0
X4533961_chrVII_794971_T_C	0.00329056257920459	1.25821631156526e-06	2.93354327342073	0.00388149800030302
X4804357_chrVII_1065367_C_A	-0.0163875180500397	1.66862010994574e-06	12.6862844947198	0
X4859981_chrVIII_30051_C_T	-0.00272697419677222	1.8838382281949e-06	1.98682321445013	0.0487756342364429
X4995072_chrVIII_165142_G_A	-0.0176754263025124	1.80091862459566e-06	13.1711244213666	0
X5481017_chrIX_88444_G_A	-0.00446591357126792	1.30357533929212e-06	3.9114901949625	0.000138989243624099
X5588105_chrIX_195532_C_T	0.0224508483262847	3.08565812481961e-06	12.7808239441836	0
X5677216_chrIX_284643_C_T	-0.0244761385051759	4.09794858886302e-06	12.0909283979108	0
X5728770_chrIX_336197_G_A	0.0111959148859193	2.89006127117824e-06	6.58576247350136	7.28562987717396e-10
X5811993_chrIX_419420_A_G	-0.00858231491085143	1.80796450305993e-06	6.38277442690338	2.08115746858084e-09
X5910191_chrX_77730_G_A	-0.0316978034230052	4.87025039347444e-06	14.3632765586041	0
X5972280_chrX_139819_A_G	0.0329868062069339	6.30697817590932e-06	13.1349857194037	0
X6051785_chrX_219324_T_C	-0.00366295944695476	2.07924065757165e-06	2.54026913340513	0.0121007111267095
X6140249_chrX_307788_T_C	0.00957978938581428	3.02638187944371e-06	5.50673398126214	1.56203563417279e-07
X6171890_chrX_339429_T_C	-0.0259197714841897	3.48390507597664e-06	13.8866666892356	0
X6659456_chrXI_81244_T_C	0.0287767567138421	6.75605409913758e-06	11.0712150300138	0
X6674764_chrXI_96552_C_T	-0.0463907014368973	8.28884725703983e-06	16.1132769182265	0
X6701514_chrXI_123302_A_C	-0.00964920103219657	4.85662028267809e-06	4.37848917152702	2.23877109970516e-05
X6824790_chrXI_246578_G_C	0.00638244361541673	1.95850769961079e-06	4.56062480645009	1.05705494659603e-05
X7024066_chrXI_445854_T_C	0.0212726481253072	2.23181194879786e-06	14.2394349914185	0
X7101207_chrXI_522995_G_A	0.0184840131030141	3.17127001658576e-06	10.3795770470003	0
X7149964_chrXI_571752_G_A	-0.0122686942261306	3.33946773097147e-06	6.71366577406219	3.72840647244743e-10
X7503296_chrXII_258268_G_A	-0.0291826017892949	1.39325090124374e-06	24.7234653146911	0
X8210322_chrXII_965294_T_C	-0.0315034550145969	2.28731537176873e-06	20.8302825814781	0
X8265170_chrXII_1020142_T_C	-0.0238820668982395	8.84311513934421e-06	8.03099343183916	2.69562150378988e-13
X8283573_chrXII_1038545_C_T	0.0452545430900686	7.70548885914295e-06	16.3027956928831	0
X8382690_chrXIII_59485_A_G	0.00427486061740619	1.62291437039446e-06	3.35563067777388	0.00100467937282955
X8576082_chrXIII_252877_G_A	0.00978380941341931	1.46466686261582e-06	8.08422805044077	1.99174010617753e-13
X8862465_chrXIII_539260_C_T	-0.0191604775374205	5.18597728578362e-06	8.41377751263857	2.99760216648792e-14
X8900872_chrXIII_577667_G_C	0.029342831533661	5.48453599461319e-06	12.5294519418188	0
X9060988_chrXIII_737783_T_C	0.00786656751285796	1.79022061332407e-06	5.87938631945127	2.60137595908816e-08
X9153767_chrXIII_830562_C_T	-0.00280851290517356	1.58116461124895e-06	2.23350989574217	0.0270051409043122
X9194093_chrXIII_870888_G_A	0.0164477074328217	4.44697998326818e-06	7.79960816004631	9.98534588347866e-13
X9233281_chrXIII_910076_A_G	0.0109101314039658	3.37688258986729e-06	5.93706769546379	1.95914922063167e-08
X9298372_chrXIV_50736_A_G	0.0163563648765404	1.47074104809795e-06	13.4871032849234	0
X9358401_chrXIV_110765_G_A	0.0110125396567637	1.8080218013485e-06	8.19003304160954	1.08801856413265e-13
X9578768_chrXIV_331132_G_A	0.00993349112087633	2.04693896276082e-06	6.94303671072438	1.1038636671401e-10
X9639000_chrXIV_391364_T_C	-0.0321499887929783	2.95399104368197e-06	18.7057979388408	0
X10005759_chrXIV_758123_C_T	0.0135988776036773	1.58442444547288e-06	10.8035701877812	0
X10075842_chrXV_43873_G_A	-0.0180182657130531	8.78009514426604e-06	6.0808371958047	9.59863344363043e-09
X10096138_chrXV_64169_G_A	-0.0191042151803373	1.04400523171721e-05	5.9125913495604	2.21005076461722e-08
X10147936_chrXV_115967_A_G	0.00963025821233672	3.18090946432306e-06	5.39960856667777	2.58109257078587e-07
X10277883_chrXV_245914_A_G	-0.00776501519228563	2.08688383494539e-06	5.37518198150675	2.89180875689965e-07
X10395522_chrXV_363553_A_G	-0.0317128640191218	1.82093664717643e-06	23.5010922449904	0
X10853111_chrXV_821142_C_T	-0.00394064119038694	2.66293204018201e-06	2.41483160405613	0.0169543734014244
X11243579_chrXVI_120319_T_C	-0.0146532148787384	1.73831732703071e-06	11.1139487226715	0
X11626574_chrXVI_503314_A_G	0.0111462475428351	2.04791646295482e-06	7.7888361032122	1.0609291223318e-12
X5056754_chrVIII_226824_G_A	0.00271352934362293	1.75139859983321e-06	2.05041619414154	0.0420763858027784
X5927307_chrX_94846_A_G	0.0333270070680667	8.77716947755578e-06	11.2491335172792	0
X10875921_chrXV_843952_C_T	-0.00710784576311427	3.29585304109749e-06	3.91520111697363	0.000137066066109526
X11000155_chrXV_968186_G_A	-0.0090941656544712	2.41112267109185e-06	5.85670308748121	2.90695068017044e-08
X11853552_chrXVI_730292_T_C	0.0125224550679872	1.97110861391038e-06	8.91937049523553	1.55431223447522e-15
